b;a
2.0e-11;1.2638585972464884
1.99601002004008e-11;1.2809918957234656
1.9920200400801603e-11;1.297971301374832
1.9880300601202403e-11;1.3147958290809632
1.9840400801603207e-11;1.3314645889372283
1.9800501002004007e-11;1.347976781871725
1.9760601202404807e-11;1.3643316952857474
1.972070140280561e-11;1.3805286987042809
1.968080160320641e-11;1.3965672394824675
1.9640901803607212e-11;1.412446838523014
1.9601002004008015e-11;1.4281670860885987
1.9561102204408816e-11;1.443727637652857
1.952120240480962e-11;1.4591282098389062
1.948130260521042e-11;1.4743685764411991
1.944140280561122e-11;1.4894485645432913
1.9401503006012024e-11;1.5043680507415196
1.9361603206412824e-11;1.5191269574894786
1.9321703406813628e-11;1.5337252495547082
1.9281803607214428e-11;1.5481629306171187
1.9241903807615228e-11;1.5624400399995233
1.9202004008016032e-11;1.5765566495272907
1.9162104208416832e-11;1.5905128605379717
1.9122204408817633e-11;1.604308801005362
1.9082304609218436e-11;1.6179446227955987
1.9042404809619237e-11;1.6314204990195014
1.900250501002004e-11;1.6447366214876904
1.896260521042084e-11;1.6578931982342793
1.892270541082164e-11;1.6708904510833056
1.8882805611222444e-11;1.683728613281104
1.8842905811623245e-11;1.6964079271124992
1.880300601202405e-11;1.7089286415590133
1.876310621242485e-11;1.721291009954086
1.872320641282565e-11;1.7334952876427745
1.8683306613226453e-11;1.7455417296807765
1.8643406813627253e-11;1.7574305885613983
1.8603507014028053e-11;1.7691621120178698
1.8563607214428857e-11;1.7807365409208002
1.8523707414829657e-11;1.7921541072972866
1.848380761523046e-11;1.8034150325065923
1.844390781563126e-11;1.8145195255911335
1.8404008016032062e-11;1.8254677818026206
1.8364108216432865e-11;1.8362599813147056
1.8324208416833666e-11;1.846896288098852
1.828430861723447e-11;1.8573768489244653
1.824440881763527e-11;1.8677017924491568
1.820450901803607e-11;1.8778712283363823
1.8164609218436874e-11;1.8878852463514153
1.8124709418837674e-11;1.8977439153604065
1.8084809619238474e-11;1.9074472822021
1.8044909819639278e-11;1.9169953703961469
1.8005010020040078e-11;1.9263881786660448
1.7965110220440882e-11;1.9356256793024849
1.7925210420841682e-11;1.9447078164042368
1.7885310621242483e-11;1.9536345040497032
1.7845410821643286e-11;1.9624056245046149
1.7805511022044087e-11;1.9710210265262516
1.776561122244489e-11;1.9794805238817752
1.772571142284569e-11;1.9877838941422312
1.768581162324649e-11;1.995930877805481
1.7645911823647294e-11;2.0039211777703865
1.7606012024048095e-11;2.0117544591267444
1.7566112224448895e-11;2.0194303491990344
1.75262124248497e-11;2.026948437716788
1.74863126252505e-11;2.0343082769838756
1.7446412825651303e-11;2.0415093818662453
1.7406513026052103e-11;2.0485512294394868
1.7366613226452903e-11;2.0554332581500314
1.7326713426853707e-11;2.0621548663783353
1.7286813627254507e-11;2.06871541035664
1.724691382765531e-11;2.0751142014480632
1.720701402805611e-11;2.081350502883123
1.7167114228456912e-11;2.087423526089762
1.7127214428857715e-11;2.0933324268362026
1.7087314629258516e-11;2.099076301407447
1.7047414829659316e-11;2.104654183063999
1.700751503006012e-11;2.110065038994213
1.696761523046092e-11;2.115307767923818
1.6927715430861724e-11;2.1203811984764562
1.6887815631262524e-11;2.1252840882758575
1.6847915831663324e-11;2.130015123711862
1.6808016032064128e-11;2.1345729201855304
1.6768116232464928e-11;2.1389560226048485
1.6728216432865732e-11;2.143162905859027
1.6688316633266532e-11;2.1471919750029906
1.6648416833667333e-11;2.1510415649241574
1.6608517034068136e-11;2.154709939322018
1.6568617234468937e-11;2.1581952889179488
1.6528717434869737e-11;2.161495728903388
1.648881763527054e-11;2.1646092957144565
1.644891783567134e-11;2.167533943281936
1.6409018036072144e-11;2.170267538924436
1.6369118236472945e-11;2.172807859050603
1.6329218436873745e-11;2.1751525847772797
1.628931863727455e-11;2.177299297506244
1.624941883767535e-11;2.1792454744064997
1.6209519038076153e-11;2.180988483680864
1.6169619238476953e-11;2.18252557942959
1.6129719438877753e-11;2.183853895921784
1.6089819639278557e-11;2.184970441118711
1.6049919839679357e-11;2.1858720893817427
1.6010020040080158e-11;2.1865555734297737
1.597012024048096e-11;2.1870174757596867
1.5930220440881762e-11;2.1872542198800087
1.5890320641282565e-11;2.187262061818387
1.5850420841683366e-11;2.1870370823851637
1.5810521042084166e-11;2.186575180624906
1.577062124248497e-11;2.1858720687226176
1.573072144288577e-11;2.184923268399583
1.5690821643286574e-11;2.1837241085095322
1.5650921843687374e-11;2.1822697232521118
1.5611022044088174e-11;2.1805550501187367
1.5571122244488978e-11;2.1785748265206704
1.5531222444889778e-11;2.1763235840019624
1.549132264529058e-11;2.173795639074892
1.5451422845691382e-11;2.170985080018946
1.5411523046092183e-11;2.1678857494303707
1.5371623246492986e-11;2.1644912228411153
1.5331723446893787e-11;2.16079478426277
1.5291823647294587e-11;2.156789399942989
1.525192384769539e-11;2.1524676919133117
1.521202404809619e-11;2.1478219129054215
1.5172124248496994e-11;2.1428439239903216
1.5132224448897795e-11;2.1375251757682183
1.5092324649298595e-11;2.1318566932274328
1.50524248496994e-11;2.125829063610621
1.50125250501002e-11;2.119432425836667
1.4972625250501e-11;2.112656459474294
1.4932725450901803e-11;2.105490370977432
1.4892825651302603e-11;2.0979228749741687
1.4852925851703407e-11;2.0899421688878155
1.4813026052104207e-11;2.081535899934263
1.4773126252505008e-11;2.072691124471633
1.473322645290581e-11;2.063394260646323
1.4693326653306612e-11;2.0536310359990524
1.4653426853707415e-11;2.0433864320984196
1.4613527054108216e-11;2.032644628210964
1.4573627254509016e-11;2.021388945548495
1.4533727454909818e-11;2.0096017927841605
1.449382765531062e-11;1.9972646125709554
1.4453927855711422e-11;1.9843578279274847
1.4414028056112224e-11;1.970860786881987
1.4374128256513026e-11;1.956751703730992
1.4334228456913826e-11;1.9420075960500423
1.4294328657314628e-11;1.926604217746437
1.425442885771543e-11;1.9105159900626119
1.4214529058116232e-11;1.8937159339270666
1.4174629258517033e-11;1.8761756081310639
1.4134729458917835e-11;1.8578650579024885
1.4094829659318637e-11;1.8387527773610046
1.4054929859719439e-11;1.8188056870138352
1.4015030060120239e-11;1.7979891238730457
1.3975130260521041e-11;1.7762668378308981
1.3935230460921843e-11;1.7536009839857263
1.3895330661322645e-11;1.7299520977432006
1.3855430861723447e-11;1.705279038701566
1.3815531062124247e-11;1.6795388906455635
1.3775631262525049e-11;1.6526868092236937
1.3735731462925851e-11;1.6246758150641667
1.3695831663326653e-11;1.5954565379457684
1.3655931863727453e-11;1.5649769260857356
1.3616032064128255e-11;1.5331819429556768
1.3576132264529057e-11;1.5000132820712133
1.353623246492986e-11;1.4654091382067214
1.349633266533066e-11;1.4293040819212375
1.3456432865731462e-11;1.3916290938096945
1.3416533066132264e-11;1.352311825580019
1.3376633266533066e-11;1.3112771661350993
1.3336733466933868e-11;1.2684481999558592
1.3296833667334668e-11;1.223747649271038
1.325693386773547e-11;1.1770998853658603
1.3217034068136272e-11;1.1284335716195357
1.3177134268537074e-11;1.0776849548106309
1.3137234468937874e-11;1.0248017448977256
1.3097334669338676e-11;0.9697474167511939
1.3057434869739478e-11;0.912505637247402
1.301753507014028e-11;0.8530843906523927
1.297763527054108e-11;0.7915192815261514
1.2937735470941883e-11;0.7278754845974466
1.2897835671342685e-11;0.6622479259732251
1.2857935871743487e-11;0.5947595359391186
1.2818036072144289e-11;0.5255577794102161
1.2778136272545089e-11;0.454810066922077
1.2738236472945891e-11;0.38269895976304574
1.2698336673346693e-11;0.30941819101507695
1.2658436873747495e-11;0.23517035273564021
1.2618537074148295e-11;0.1601666461006992
1.2578637274549097e-11;0.08462844169440985
1.2538737474949899e-11;0.008789709417062062
1.2498837675350701e-11;-0.0671011441709715
1.2458937875751501e-11;-0.14278165643174587
1.2419038076152303e-11;-0.2179792115553014
1.2379138276553105e-11;-0.2924189769644589
1.2339238476953907e-11;-0.3658353030724099
1.229933867735471e-11;-0.4379849701115201
1.225943887775551e-11;-0.5086600034516936
1.2219539078156312e-11;-0.5776977154908944
1.2179639278557114e-11;-0.644986153182827
1.2139739478957916e-11;-0.7104640283856394
1.2099839679358716e-11;-0.7741152136576029
1.2059939879759518e-11;-0.8359587885592407
1.202004008016032e-11;-0.8960362927047565
1.1980140280561122e-11;-0.9543981984672121
1.1940240480961922e-11;-1.0110916054621406
1.1900340681362724e-11;-1.066150805106419
1.1860440881763526e-11;-1.1195918163632657
1.1820541082164328e-11;-1.1714114698105529
1.178064128256513e-11;-1.2215912311312995
1.174074148296593e-11;-1.2701055625156052
1.1700841683366733e-11;-1.316933906205441
1.1660941883767535e-11;-1.3620742159241228
1.1621042084168337e-11;-1.4055547620745368
1.1581142284569137e-11;-1.4474404861713288
1.1541242484969939e-11;-1.4878310534139285
1.1501342685370741e-11;-1.5268498036820977
1.1461442885771543e-11;-1.564625288522496
1.1421543086172343e-11;-1.601269257485564
1.1381643286573145e-11;-1.6368564502732479
1.1341743486973947e-11;-1.6714121564732491
1.1301843687374749e-11;-1.7049127240942474
1.1261943887775551e-11;-1.7373013017286194
1.1222044088176351e-11;-1.768516041856765
1.1182144288577153e-11;-1.7985224249704412
1.1142244488977955e-11;-1.8273382987411104
1.1102344689378757e-11;-1.8550419653633459
1.1062444889779558e-11;-1.8817597326181246
1.102254509018036e-11;-1.907636758919619
1.0982645290581162e-11;-1.9328005364819187
1.0942745490981964e-11;-1.9573285008794925
1.0902845691382766e-11;-1.9812302554360122
1.0862945891783566e-11;-2.0044513130822335
1.0823046092184368e-11;-2.026899176505926
1.078314629258517e-11;-2.048484321415969
1.0743246492985972e-11;-2.069160406652215
1.0703346693386772e-11;-2.088944538366215
1.0663446893787574e-11;-2.1079045213025793
1.0623547094188376e-11;-2.126115828824979
1.0583647294589178e-11;-2.1436091230484284
1.0543747494989979e-11;-2.1603380224748685
1.050384769539078e-11;-2.1761884496031203
1.0463947895791583e-11;-2.191028052506543
1.0424048096192385e-11;-2.2047714656078754
1.0384148296593187e-11;-2.217430809160978
1.0344248496993987e-11;-2.2291335835704005
1.0304348697394789e-11;-2.24010873738566
1.0264448897795591e-11;-2.250651050433533
1.0224549098196393e-11;-2.261070219425789
1.0184649298597193e-11;-2.271621794598654
1.0144749498997995e-11;-2.2824164739203208
1.0104849699398797e-11;-2.293328491887875
1.0064949899799599e-11;-2.303971827080594
1.00250501002004e-11;-2.3138230772682573
9.985150300601201e-12;-2.3224519319508845
9.945250501002003e-12;-2.3296663176021553
9.905350701402805e-12;-2.3354626532240323
9.865450901803607e-12;-2.339914196891329
9.825551102204408e-12;-2.3431356941944297
9.78565130260521e-12;-2.3452891563274103
9.745751503006012e-12;-2.346561343135449
9.705851703406814e-12;-2.347119930932122
9.665951903807614e-12;-2.3470876769679765
9.626052104208416e-12;-2.3465502136846292
9.586152304609218e-12;-2.345576740753546
9.54625250501002e-12;-2.3442106349057092
9.50635270541082e-12;-2.3424070082969926
9.466452905811622e-12;-2.33996458712684
9.426553106212424e-12;-2.3365459444269083
9.386653306613226e-12;-2.331808791431348
9.346753507014028e-12;-2.3255465843337353
9.306853707414829e-12;-2.317728891762725
9.26695390781563e-12;-2.3084426554267177
9.227054108216433e-12;-2.2978105827128914
9.187154308617235e-12;-2.285931755066593
9.147254509018035e-12;-2.272811702118055
9.107354709418837e-12;-2.258242688501035
9.067454909819639e-12;-2.241743223804843
9.027555110220441e-12;-2.2227486200624065
8.987655310621241e-12;-2.2009314181567414
8.947755511022043e-12;-2.1762764231791127
8.907855711422845e-12;-2.1488833561127327
8.867955911823647e-12;-2.118763207944232
8.828056112224449e-12;-2.0856964016582813
8.78815631262525e-12;-2.049166187569176
8.748256513026051e-12;-2.0085676794248277
8.708356713426853e-12;-1.9636279308469025
8.668456913827655e-12;-1.9144363648008755
8.628557114228456e-12;-1.860795832198922
8.588657314629258e-12;-1.8015580507385323
8.54875751503006e-12;-1.7349596182268352
8.508857715430862e-12;-1.6601432610000155
8.468957915831662e-12;-1.5783243581384991
8.429058116232464e-12;-1.4915855686234811
8.389158316633266e-12;-1.3990733887113218
8.349258517034068e-12;-1.2929579069699724
8.30935871743487e-12;-1.1571281764125767
8.26945891783567e-12;-0.9669013690994092
8.229559118236472e-12;-0.6891702444069125
8.189659318637274e-12;-0.3293962503681738
8.149759519038076e-12;0.03431891803984501
8.109859719438877e-12;0.3500949973190341
8.069959919839679e-12;0.5694596334382678
8.03006012024048e-12;0.6766836667605841
7.990160320641283e-12;0.700871106285318
7.950260521042083e-12;0.6767082542900463
7.910360721442885e-12;0.6343716853011312
7.870460921843687e-12;0.6059506624370581
7.830561122244489e-12;0.6372828761163128
7.790661322645291e-12;0.8072122683914456
7.750761523046091e-12;1.196246724691093
7.710861723446893e-12;1.893984897273119
7.670961923847695e-12;2.1907507738216547
7.631062124248497e-12;2.160841867486291
7.591162324649298e-12;2.142570208693579
7.5512625250501e-12;2.1782963511376443
7.511362725450901e-12;2.2525684870408837
7.471462925851703e-12;2.3270991106440944
7.431563126252504e-12;2.386093281022208
7.391663326653306e-12;2.433452395974192
7.351763527054108e-12;2.4665586584516346
7.31186372745491e-12;2.481334601436937
7.271963927855711e-12;2.481035830932827
7.232064128256513e-12;2.47311722317745
7.192164328657314e-12;2.467297515182816
7.152264529058116e-12;2.475894710507215
7.112364729458917e-12;2.5122859140141975
7.072464929859719e-12;2.564537897600606
7.03256513026052e-12;2.5681421327261442
6.992665330661322e-12;2.541347314299131
6.9527655310621235e-12;2.584676879374913
6.9128657314629255e-12;2.8402782706198373
6.8729659318637274e-12;2.7883601341979376
6.833066132264529e-12;2.965822025402305
6.7931663326653306e-12;2.8892578903241803
6.753266533066132e-12;2.910403960451161
6.713366733466934e-12;2.9337679436933173
6.673466933867735e-12;2.1960309149464368
6.633567134268537e-12;2.8962431429626116
6.593667334669338e-12;1.8239667070303942
6.55376753507014e-12;81.40853760649487
6.513867735470941e-12;-6.928069106087839
6.473967935871743e-12;9.790485738001818
6.434068136272544e-12;-57.580513480590334
6.394168336673346e-12;16.33532751285948
6.354268537074148e-12;-10.270942758510097
6.3143687374749495e-12;2.464975825823241
6.2744689378757515e-12;2.5979956800167816
6.234569138276553e-12;2.413676291211549
6.194669338677355e-12;-14.484544293108593
6.154769539078156e-12;2.5508304503179677
6.114869739478958e-12;58.8451806055351
6.074969939879759e-12;7.578644733463962
6.035070140280561e-12;6.232045187654696
5.995170340681362e-12;10.941627803411206
5.955270541082164e-12;-9.275578461330333
5.915370741482965e-12;69.7029348602468
5.875470941883767e-12;28.76441174668438
5.835571142284569e-12;75.45024995512425
5.79567134268537e-12;-67.17518722263746
5.755771543086172e-12;8.061798026177154
5.7158717434869735e-12;32.88806391914126
5.6759719438877755e-12;-21.728312306981515
5.636072144288577e-12;-29.977468655704236
5.596172344689379e-12;67.06307983073897
5.55627254509018e-12;11.657297537042236
5.516372745490982e-12;16.539483157674393
5.476472945891783e-12;0.32433827676493604
5.436573146292585e-12;2.161383702799951
5.396673346693386e-12;-61.895250306853505
5.356773547094188e-12;77.77199007031172
5.31687374749499e-12;-25.688655765627274
5.276973947895791e-12;77.35057483069862
5.237074148296593e-12;-51.23736862466281
5.197174348697394e-12;88.09223606278098
5.157274549098196e-12;19.73344067596778
5.1173747494989975e-12;-31.545439052004063
5.0774749498997995e-12;-61.24048462796758
5.037575150300601e-12;-27.422463309529554
4.997675350701403e-12;-30.95559245902168
4.957775551102204e-12;-66.66969774697311
4.917875751503006e-12;-76.55772494065296
4.877975951903807e-12;9.68007367913159
4.838076152304609e-12;-16.273147035127963
4.798176352705411e-12;-78.55906357975947
4.758276553106212e-12;-63.38601444913033
4.718376753507014e-12;25.532016301281537
4.678476953907815e-12;-4.8220327483686685
4.638577154308617e-12;13.28692575205712
4.598677354709418e-12;-10.042607446642071
4.55877755511022e-12;-1.834290035685087
4.5188777555110215e-12;-1.7347563994887432
4.4789779559118235e-12;-35.14735628532092
4.439078156312625e-12;-29.490365206093287
4.399178356713427e-12;14.024732084965708
4.359278557114228e-12;16.088799346977837
4.31937875751503e-12;-77.16614411142046
4.279478957915832e-12;-40.62384626183896
4.239579158316633e-12;2.834815787853578
4.199679358717435e-12;-20.084134638268583
4.159779559118236e-12;64.8212652803203
4.119879759519038e-12;41.583773298998665
4.079979959919839e-12;-12.69047838289224
4.040080160320641e-12;-16.66154539852764
4.000180360721442e-12;-72.2485776798218
3.960280561122244e-12;-55.016924946310894
3.9203807615230455e-12;64.2999578504179
3.8804809619238475e-12;16.710788212600203
3.8405811623246495e-12;-88.4782179585106
3.800681362725451e-12;17.279697875748457
3.760781563126253e-12;59.3636250557326
3.720881763527054e-12;-44.219381613489205
3.680981963927856e-12;7.875158515636728
3.641082164328657e-12;64.11997594202292
3.6011823647294585e-12;62.354446742592074
3.5612825651302605e-12;79.71374613257628
3.521382765531062e-12;-69.19104833566288
3.4814829659318636e-12;69.45744140888627
3.4415831663326652e-12;-56.70376195757269
3.4016833667334668e-12;69.80918959780634
3.3617835671342684e-12;78.13677791841586
3.32188376753507e-12;-84.57168810216795
3.2819839679358715e-12;-71.93059763487263
3.242084168336673e-12;-76.9322208862276
3.2021843687374746e-12;58.905318931739586
3.1622845691382762e-12;28.94329688109492
3.1223847695390778e-12;-88.69646341127253
3.0824849699398798e-12;79.06878003570739
3.0425851703406813e-12;24.55155141356299
3.002685370741483e-12;49.863122819308714
2.9627855711422845e-12;-67.30776684836206
2.922885771543086e-12;64.31353506096369
2.8829859719438876e-12;-76.27326073701093
2.8430861723446892e-12;80.50079674945613
2.8031863727454908e-12;50.58104651994118
2.7632865731462924e-12;10.486778217653505
2.723386773547094e-12;-70.9508701360275
2.6834869739478955e-12;86.6759165744657
2.643587174348697e-12;-88.02654751481087
2.6036873747494987e-12;-80.24939401165896
2.5637875751503006e-12;-9.001490384008937
2.5238877755511022e-12;4.99478231836515
2.4839879759519038e-12;-41.04601814979402
2.4440881763527054e-12;-64.17027871865588
2.404188376753507e-12;-82.32345360053385
2.3642885771543085e-12;8.423041587856469
2.32438877755511e-12;-80.49935205429769
2.2844889779559116e-12;18.325229353517575
2.2445891783567132e-12;-4.305802869460535
2.2046893787575148e-12;82.55444799928598
2.1647895791583164e-12;-19.524331932875423
2.124889779559118e-12;17.86423570090292
2.0849899799599195e-12;11.313427876458023
2.0450901803607215e-12;73.44250717539194
2.005190380761523e-12;-23.211316287858004
1.9652905811623246e-12;-26.069433685759492
1.9253907815631262e-12;-6.349546097840692
1.8854909819639278e-12;85.08664176326458
1.8455911823647294e-12;54.98527910699737
1.805691382765531e-12;-48.960574306974465
1.7657915831663325e-12;-25.29433698752457
1.725891783567134e-12;55.02966115099135
1.6859919839679359e-12;4.214096268510594
1.6460921843687374e-12;58.32400049412021
1.606192384769539e-12;-41.40547008585644
1.5662925851703406e-12;-52.45560109619065
1.5263927855711422e-12;50.51791002997569
1.4864929859719437e-12;62.26079916479839
1.4465931863727455e-12;-4.620823335278629
1.406693386773547e-12;5.697319307101987
1.3667935871743487e-12;65.48603883538493
1.3268937875751502e-12;-73.69067820542983
1.2869939879759518e-12;-46.24255905471813
1.2470941883767534e-12;15.50803468784884
1.207194388777555e-12;13.52393663473034
1.1672945891783567e-12;68.69321146435158
1.1273947895791583e-12;54.31083620287855
1.0874949899799599e-12;7.631233170197997
1.0475951903807614e-12;-30.690309579300987
1.007695390781563e-12;-85.58816426108268
9.677955911823646e-13;-88.23072512663633
9.278957915831664e-13;-56.97049493037162
8.879959919839678e-13;-29.809310450446638
8.480961923847695e-13;74.6322191106426
8.081963927855711e-13;28.58383334355244
7.682965931863727e-13;-65.83934967833379
7.283967935871743e-13;67.09523470558594
6.884969939879759e-13;77.79897918952283
6.485971943887775e-13;-81.07547074757339
6.086973947895792e-13;36.80751988408949
5.687975951903807e-13;-6.380061483111618
5.288977955911823e-13;52.75598613029204
4.88997995991984e-13;-63.46119838831167
4.4909819639278555e-13;-3.6388552970657253
4.0919839679358713e-13;69.71924852904598
3.6929859719438875e-13;12.136308526354144
3.293987975951904e-13;29.786856449023137
2.8949899799599195e-13;17.964241154761353
2.4959919839679357e-13;-32.81221970619027
2.0969939879759517e-13;72.12068812946897
1.6979959919839677e-13;78.72151621538114
1.298997995991984e-13;85.45303407337536
9.0e-14;79.41750699628494
